137
135
141
190
87
79
246
226
113
85
125
149
3
77
179
246
93
133
48
206
160
21
49
118
140
84
169
134
168
196
52
42
36
108
73
103
133
133
42
116
238
19
173
177
111
229
164
138
18
44
178
225
130
132
101
174
189
122
235
47
58
96
205
250
121
69
86
206
178
11
98
226
167
135
214
6
44
102
166
54
122
12
88
127
6
14
189
68
109
206
11
58
40
100
141
197
201
104
55
51
21
212
241
59
155
90
145
178
247
206
101
128
157
224
244
18
65
88
0
123
66
98
200
189
97
9
4
23
63
3
236
246
52
81
127
64
151
230
229
85
94
113
25
13
173
214
36
154
144
177
